-85.722366,38.240122,119.8
-85.722364,38.240125,118.2
-85.722353,38.240135,118.5
-85.722332,38.240168,119.3
-85.722286,38.240353,119.0
-85.722288,38.240342,117.6
-85.722344,38.240228,119.6
-85.722338,38.240219,118.0
-85.72233,38.240235,120.3
-85.72234,38.240231,118.4
-85.722293,38.240292,118.5
-85.722226,38.240375,120.0
-85.722187,38.240432,120.2
-85.722143,38.2405,119.3
-85.722115,38.240573,116.5
-85.722139,38.240636,118.5
-85.722228,38.240692,118.2
-85.72232,38.240738,118.4
-85.72241,38.240791,118.2
-85.72252,38.240854,117.6
-85.722608,38.240902,118.5
-85.722692,38.240953,118.0
-85.722752,38.240983,117.7
-85.722765,38.240998,119.0
-85.722797,38.241008,116.8
-85.722878,38.241013,116.7
-85.722986,38.240996,116.8
-85.72308,38.240957,117.9
-85.723162,38.240908,118.9
-85.723235,38.240862,117.9
-85.723313,38.240823,118.1
-85.723406,38.240792,118.1
-85.723485,38.240764,117.8
-85.723533,38.240737,117.6
-85.723571,38.240725,117.5
-85.723605,38.24071,116.5
-85.723632,38.240693,118.3
-85.723643,38.240689,116.0
-85.723651,38.240694,118.9
-85.723651,38.2407,117.4
-85.723649,38.240701,118.0
-85.723649,38.240701,117.6
-85.723649,38.240701,118.0
-85.723649,38.240701,117.8
-85.723649,38.240701,114.1
-85.723654,38.240701,118.4
-85.72368,38.240721,119.0
-85.723717,38.240761,119.9
-85.723778,38.240814,116.6
-85.723826,38.240881,117.6
-85.723852,38.24095,118.3
-85.723893,38.241002,116.1
-85.723938,38.241054,115.8
-85.723988,38.241109,119.6
-85.724042,38.24118,118.1
-85.724091,38.241254,117.5
-85.724133,38.241326,116.0
-85.724179,38.241395,117.0
-85.724231,38.241459,118.0
-85.72428,38.241524,118.9
-85.724335,38.241592,117.7
-85.724384,38.241659,117.1
-85.724425,38.241721,117.8
-85.72448,38.241793,116.5
-85.724541,38.241849,119.7
-85.724599,38.241883,118.7
-85.724676,38.241825,118.0
-85.724695,38.241752,118.1
-85.72473,38.24172,118.1
-85.724819,38.241685,117.8
-85.72489,38.241645,117.6
-85.724967,38.241615,117.5
-85.725048,38.24158,117.2
-85.7251,38.24155,116.6
-85.725129,38.241545,114.0
-85.725154,38.241541,117.5
-85.725167,38.241535,116.5
-85.725175,38.241539,117.0
-85.725192,38.241548,116.0
-85.725216,38.241564,117.3
-85.725226,38.241567,116.7
-85.725225,38.241566,116.3
-85.725225,38.241566,116.5
-85.725225,38.241566,114.4
-85.725227,38.241561,115.8
-85.725249,38.24155,114.5
-85.725299,38.24149,116.1
-85.725389,38.241403,117.1
-85.725503,38.241327,116.1
-85.725617,38.241282,116.1
-85.725724,38.241244,114.3
-85.725822,38.241205,114.5
-85.725916,38.241156,117.0
-85.72602,38.2411,115.4
-85.726129,38.241039,115.8
-85.726229,38.240981,113.5
-85.726326,38.240921,117.3
-85.726423,38.240867,116.0
-85.726523,38.240816,112.9
-85.726629,38.240761,116.9
-85.726742,38.24071,115.4
-85.726853,38.240672,114.4
-85.726955,38.240619,117.0
-85.727053,38.240569,113.7
-85.72714,38.240522,114.0
-85.727222,38.240473,115.7
-85.727338,38.240424,115.8
-85.727451,38.240357,114.6
-85.727569,38.2403,116.4
-85.727679,38.240248,114.1
-85.727768,38.240187,114.9
-85.727862,38.240128,117.6
-85.72797,38.24008,113.9
-85.728067,38.240032,117.3
-85.728208,38.239959,116.6
-85.728258,38.239933,116.4
-85.728407,38.239859,112.8
-85.728481,38.239833,117.3
-85.728553,38.239791,115.7
-85.728598,38.239738,116.6
-85.728571,38.239671,116.5
-85.728495,38.239554,117.0
-85.728409,38.239441,115.4
-85.728323,38.239345,113.5
-85.728246,38.239267,116.8
-85.728173,38.239194,115.5
-85.728119,38.239112,114.0
-85.728059,38.239033,114.3
-85.727996,38.238967,114.9
-85.727932,38.238914,115.5
-85.72788,38.23885,115.4
-85.727827,38.238778,115.3
-85.727772,38.238721,114.3
-85.727724,38.238661,114.0
-85.727684,38.238605,115.8
-85.727631,38.238544,116.6
-85.727551,38.238478,115.2
-85.727489,38.238407,115.0
-85.727439,38.238325,115.9
-85.727384,38.238253,116.0
-85.727326,38.238178,116.9
-85.727263,38.238119,116.4
-85.72721,38.238059,117.1
-85.727161,38.237994,117.3
-85.7271,38.237934,116.7
-85.727047,38.237877,115.8
-85.727003,38.237817,117.7
-85.726958,38.237757,117.8
-85.726912,38.237704,117.3
-85.726861,38.237651,118.4
-85.726822,38.237568,118.2
-85.72682,38.237505,116.5
-85.726884,38.237472,117.9
-85.726983,38.237423,118.0
-85.727093,38.237382,116.7
-85.727192,38.237336,117.6
-85.727288,38.237282,117.5
-85.727396,38.237224,117.1
-85.7275,38.237168,117.2
-85.727616,38.23711,116.6
-85.727757,38.237048,116.4
-85.727893,38.236988,116.0
-85.72802,38.236921,115.3
-85.728129,38.236862,114.2
-85.728222,38.236822,113.2
-85.728282,38.236801,113.8
-85.728316,38.23679,112.4
-85.728341,38.236779,112.4
-85.728368,38.236767,112.5
-85.728383,38.236771,112.1
-85.728401,38.236774,112.8
-85.728436,38.236762,112.6
-85.72843,38.23671,113.3
-85.728388,38.236653,112.1
-85.728375,38.236633,113.2
-85.728377,38.236622,112.3
-85.728378,38.236621,112.4
-85.728378,38.236621,112.2
-85.728378,38.236621,112.9
-85.728378,38.236621,112.8
-85.728378,38.236621,112.6
-85.728378,38.236621,112.6
-85.728378,38.236621,110.6
-85.728376,38.236614,112.0
-85.728364,38.23657,113.6
-85.728304,38.236481,112.4
-85.728238,38.236403,114.0
-85.728165,38.236309,112.5
-85.728092,38.236222,111.4
-85.728032,38.236137,113.1
-85.727973,38.236054,112.4
-85.727903,38.235969,113.1
-85.72786,38.235888,111.8
-85.727817,38.235822,113.2
-85.72779,38.235763,111.5
-85.727847,38.235686,110.8
-85.727968,38.235635,110.4
-85.728088,38.235589,111.8
-85.728199,38.235536,110.9
-85.728309,38.235476,111.7
-85.728419,38.235421,111.0
-85.728524,38.235364,110.2
-85.72864,38.235304,110.5
-85.728756,38.235252,109.0
-85.728882,38.235198,110.1
-85.72901,38.235136,109.4
-85.729142,38.235071,109.7
-85.729282,38.235008,108.2
-85.729433,38.234958,109.1
-85.729583,38.23491,109.5
-85.729735,38.234863,107.4
-85.729891,38.234815,109.4
-85.730046,38.234762,108.4
-85.730191,38.234703,108.2
-85.730329,38.234647,108.1
-85.730469,38.234593,108.2
-85.730609,38.234536,108.6
-85.730747,38.234481,109.2
-85.730881,38.234423,108.9
-85.730996,38.234371,108.4
-85.73109,38.234353,108.8
-85.731128,38.234354,108.2
-85.731135,38.234357,109.9
-85.731156,38.234355,108.7
-85.731161,38.234353,108.6
-85.731161,38.234353,108.3
-85.731161,38.234353,108.4
-85.731161,38.234353,108.4
-85.731161,38.234353,108.3
-85.731161,38.234353,108.5
-85.731161,38.234353,108.5
-85.731161,38.234353,108.3
-85.731161,38.234353,108.4
-85.731161,38.234353,108.3
-85.731161,38.234353,106.0
-85.731161,38.234353,109.1
-85.731209,38.234342,108.5
-85.731309,38.234285,109.1
-85.731356,38.234197,110.5
-85.731326,38.234055,109.2
-85.731301,38.234001,109.0
-85.731212,38.233845,108.9
-85.731169,38.233754,108.2
-85.731121,38.233667,109.2
-85.731062,38.233584,108.9
-85.731004,38.233495,107.8
-85.73095,38.233412,109.4
-85.730901,38.233322,107.9
-85.730852,38.233223,107.3
-85.730799,38.233133,108.4
-85.730746,38.233049,107.6
-85.730702,38.232963,108.0
-85.730642,38.232879,108.3
-85.730577,38.232794,106.9
-85.730518,38.232708,107.7
-85.730466,38.232628,107.8
-85.73042,38.232542,106.2
-85.730365,38.232451,107.9
-85.730304,38.232344,107.5
-85.730232,38.232238,105.7
-85.73016,38.232122,105.4
-85.730097,38.232006,105.2
-85.730031,38.23189,105.0
-85.729961,38.23177,105.5
-85.7299,38.231652,106.0
-85.729842,38.231552,105.2
-85.729797,38.231459,106.9
-85.729788,38.231385,105.2
-85.729871,38.23134,104.0
-85.729971,38.231311,106.2
-85.730071,38.231284,105.6
-85.730169,38.231245,107.3
-85.730262,38.231198,106.7
-85.730346,38.231153,106.3
-85.730429,38.231119,106.9
-85.730512,38.231084,106.4
-85.730578,38.231054,107.9
-85.730631,38.231026,107.2
-85.730688,38.230999,107.6
-85.730766,38.230964,107.6
-85.730848,38.230927,107.9
-85.730938,38.230884,108.7
-85.731026,38.230839,107.8
-85.731104,38.230794,108.2
-85.731197,38.230744,109.8
-85.731277,38.230695,108.5
-85.731354,38.230654,108.9
-85.731447,38.230614,108.1
-85.731537,38.230573,109.1
-85.731617,38.23053,110.8
-85.731704,38.230494,107.6
-85.73177,38.230471,109.0
-85.731866,38.230479,107.6
-85.731976,38.230475,107.8
-85.732075,38.230447,108.3
-85.732171,38.2304,108.2
-85.732279,38.230359,108.1
-85.732373,38.23032,109.1
-85.732467,38.230287,110.4
-85.732554,38.230253,108.1
-85.732637,38.230222,110.2
-85.732721,38.23019,109.0
-85.732797,38.230144,111.8
-85.732864,38.230102,110.0
-85.732915,38.23008,110.0
-85.732941,38.230082,109.5
-85.732936,38.23009,113.0
-85.732974,38.230085,110.2
-85.733037,38.230068,111.8
-85.733069,38.23003,110.6
-85.733046,38.229976,109.9
-85.733026,38.229914,111.6
-85.733022,38.229848,110.0
-85.732994,38.229773,111.7
-85.732945,38.229708,111.8
-85.732909,38.229647,111.4
-85.73293,38.229577,110.8
-85.732989,38.229502,113.2
-85.733071,38.229426,111.6
-85.733147,38.229376,111.9
-85.733206,38.229323,113.1
-85.733265,38.229264,113.1
-85.733326,38.229204,113.4
-85.73338,38.229145,112.7
-85.733442,38.229084,114.2
-85.733508,38.229023,114.2
-85.733567,38.228969,115.8
-85.733617,38.228933,114.4
-85.733667,38.228889,115.6
-85.733722,38.228832,115.5
-85.73379,38.228764,114.7
-85.73386,38.228689,114.8
-85.733944,38.228615,114.8
-85.734015,38.228539,114.0
-85.734081,38.228457,116.0
-85.734152,38.228374,114.2
-85.734222,38.228294,115.2
-85.734298,38.228215,115.1
-85.734368,38.228134,114.3
-85.734445,38.228052,114.8
-85.73453,38.227974,114.4
-85.734608,38.227896,114.5
-85.734681,38.227816,113.9
-85.734763,38.227742,114.1
-85.734839,38.227672,113.5
-85.734907,38.227605,113.8
-85.73497,38.227536,113.0
-85.73503,38.227462,112.6
-85.735092,38.227384,113.3
-85.735168,38.227314,112.7
-85.735227,38.227266,112.2
-85.735267,38.227248,113.4
-85.73529,38.227245,112.7
-85.735307,38.227237,113.3
-85.735311,38.227236,111.8
-85.735317,38.227234,113.3
-85.735369,38.22725,112.5
-85.73545,38.227313,112.5
-85.735534,38.227379,112.2
-85.735636,38.227452,113.4
-85.735748,38.227519,112.9
-85.735923,38.227616,111.4
-85.736044,38.227697,112.9
-85.736174,38.227776,111.0
-85.736318,38.227839,111.5
-85.736485,38.227847,111.1
-85.73664,38.227745,110.8
-85.736739,38.227621,111.1
-85.736826,38.2275,112.3
-85.736907,38.227401,111.4
-85.736987,38.227313,111.7
-85.737067,38.227231,111.8
-85.737132,38.227166,112.2
-85.737195,38.227102,114.1
-85.737267,38.227041,112.4
-85.737335,38.226969,112.7
-85.737408,38.226882,114.6
-85.737489,38.226792,113.7
-85.737565,38.226715,113.8
-85.737633,38.226644,115.1
-85.737691,38.226571,115.1
-85.737769,38.2265,114.3
-85.737848,38.226431,114.9
-85.737925,38.226355,115.1
-85.738002,38.226282,113.9
-85.738071,38.226211,115.7
-85.738145,38.226139,114.6
-85.738225,38.226052,115.0
-85.738299,38.225967,113.7
-85.738378,38.225879,114.2
-85.738449,38.225797,114.4
-85.738532,38.225717,113.3
-85.738617,38.225635,114.1
-85.738703,38.225541,113.2
-85.738788,38.225447,112.2
-85.738869,38.225374,112.3
-85.738959,38.225301,112.3
-85.739051,38.225224,112.2
-85.739138,38.22514,110.6
-85.739224,38.225059,111.3
-85.739294,38.224975,113.6
-85.739341,38.224902,111.3
-85.739281,38.224807,112.4
-85.739185,38.224742,112.5
-85.739101,38.224692,112.9
-85.739001,38.224633,113.3
-85.73891,38.224578,113.2
-85.738827,38.224529,112.8
-85.738748,38.224482,111.9
-85.738655,38.224426,113.5
-85.738558,38.224369,111.6
-85.738465,38.224305,113.0
-85.738367,38.22424,113.4
-85.738274,38.22419,113.3
-85.738193,38.22414,113.4
-85.738111,38.224077,113.7
-85.738031,38.224023,114.6
-85.737956,38.22398,113.7
-85.737907,38.223956,115.8
-85.737884,38.223946,113.9
-85.737835,38.223916,114.4
-85.737766,38.223886,114.4
-85.737687,38.223843,114.9
-85.737609,38.223783,113.8
-85.737521,38.22372,115.0
-85.737436,38.223653,114.5
-85.737344,38.223596,115.1
-85.737256,38.223546,114.6
-85.737172,38.223498,112.3
-85.737097,38.223447,117.6
-85.737029,38.223405,114.7
-85.736961,38.223368,115.9
-85.736896,38.223337,116.9
-85.736834,38.223305,115.8
-85.736781,38.223263,116.7
-85.736724,38.223223,115.9
-85.736669,38.223185,117.3
-85.736614,38.223143,117.6
-85.736585,38.223123,116.3
-85.73659,38.223123,116.0
-85.736592,38.22313,116.9
-85.736592,38.22313,115.6
-85.736592,38.22313,116.4
-85.736592,38.22313,115.3
-85.736592,38.22313,116.1
-85.736592,38.22313,116.3
-85.736592,38.22313,116.3
-85.736592,38.22313,116.5
-85.736592,38.22313,116.9
-85.736592,38.22313,116.1
-85.736592,38.22313,116.4
-85.736592,38.22313,115.6
-85.736592,38.22313,115.3
-85.736592,38.22313,114.7
-85.736592,38.22313,115.8
-85.736544,38.223121,117.0
-85.736498,38.223097,117.0
-85.736452,38.223062,117.1
-85.73642,38.223031,115.9
-85.736394,38.223002,117.0
-85.736386,38.222982,116.5
-85.736364,38.222946,117.3
-85.736311,38.222881,115.2
-85.736247,38.222821,117.5
-85.736192,38.222762,115.8
-85.736136,38.222697,115.8
-85.736086,38.222639,115.9
-85.736048,38.222575,115.7
-85.735996,38.222501,115.7
-85.735953,38.222435,114.6
-85.735918,38.222367,115.1
-85.735877,38.222305,115.1
-85.735824,38.222254,114.5
-85.735771,38.222202,114.2
-85.735724,38.222142,116.1
-85.735668,38.222064,114.7
-85.7356,38.221979,113.8
-85.735523,38.221879,113.5
-85.735443,38.22177,113.0
-85.735362,38.221657,112.9
-85.735273,38.221551,112.4
-85.735189,38.22145,112.4
-85.735108,38.221343,112.5
-85.735031,38.221251,112.4
-85.734968,38.221165,112.1
-85.734896,38.22105,111.3
-85.734879,38.221024,110.9
-85.734749,38.220981,112.2
-85.734628,38.221023,109.8
-85.734525,38.221095,112.5
-85.734444,38.221154,112.4
-85.734362,38.221221,111.3
-85.734277,38.221299,111.4
-85.734203,38.221368,111.2
-85.734134,38.221435,111.3
-85.734069,38.221511,109.8
-85.734013,38.22158,112.5
-85.733958,38.221649,111.5
-85.733892,38.22172,111.3
-85.733835,38.221795,111.3
-85.733765,38.221873,112.8
-85.733692,38.221949,111.5
-85.733625,38.222021,110.2
-85.733551,38.222094,111.8
-85.733471,38.222168,111.3
-85.733394,38.222249,111.0
-85.73332,38.222329,110.3
-85.733241,38.222408,112.3
-85.733163,38.222483,111.4
-85.733094,38.222553,111.4
-85.733019,38.222625,111.5
-85.732945,38.222687,110.1
-85.732861,38.222756,110.6
-85.73279,38.222822,111.2
-85.732721,38.22289,109.5
-85.732646,38.222963,110.6
-85.73258,38.223029,109.2
-85.732515,38.223089,110.7
-85.732454,38.223147,110.0
-85.732396,38.223194,110.6
-85.732345,38.223245,110.5
-85.73229,38.223276,108.0
-85.732228,38.223263,109.9
-85.732172,38.223206,110.4
-85.73211,38.223144,109.3
-85.732065,38.223093,111.2
-85.732028,38.223057,111.5
-85.73198,38.223014,112.7
-85.73193,38.222966,112.5
-85.73189,38.222917,113.5
-85.731848,38.222857,114.0
-85.731794,38.222806,113.5
-85.731748,38.222764,114.4
-85.731706,38.222723,115.6
-85.731661,38.222681,115.5
-85.731627,38.22265,115.9
-85.73161,38.222628,115.9
-85.731602,38.222614,117.2
-85.731589,38.222601,116.9
-85.731587,38.222595,115.6
-85.731587,38.222595,116.0
-85.731587,38.222595,116.1
-85.731587,38.222595,116.8
-85.731587,38.222595,115.4
-85.731587,38.222595,116.3
-85.731587,38.222595,114.0
-85.731575,38.222579,116.6
-85.731532,38.222558,117.2
-85.731506,38.222513,116.0
-85.731574,38.222451,116.7
-85.731661,38.222383,116.7
-85.731758,38.222306,116.7
-85.731843,38.222228,117.1
-85.731922,38.222145,116.2
-85.732001,38.222057,117.3
-85.732083,38.22198,116.5
-85.732167,38.221903,116.9
-85.73225,38.221822,116.8
-85.732324,38.221741,116.7
-85.732399,38.221669,117.1
-85.732479,38.221593,116.5
-85.732565,38.221507,116.3
-85.732644,38.221416,117.0
-85.732738,38.22132,116.6
-85.73283,38.22123,116.5
-85.732917,38.221139,116.9
-85.732998,38.221052,115.8
-85.73308,38.220971,117.4
-85.733165,38.220892,116.0
-85.733228,38.220855,116.9
-85.733288,38.220854,116.4
-85.733321,38.220831,118.7
-85.733307,38.220785,115.5
-85.733297,38.220768,116.0
-85.733296,38.220762,117.1
-85.733296,38.220761,115.3
-85.733297,38.220753,116.4
-85.733285,38.220735,116.5
-85.733251,38.220691,114.5
-85.733199,38.220633,116.5
-85.73314,38.220557,116.5
-85.733078,38.220485,117.4
-85.733027,38.220421,117.8
-85.732974,38.220346,117.4
-85.732914,38.220268,117.2
-85.732854,38.220194,116.4
-85.732803,38.220121,118.4
-85.732754,38.220033,119.1
-85.73269,38.219951,117.8
-85.732625,38.219883,117.1
-85.732547,38.219816,118.0
-85.732485,38.219751,118.0
-85.732429,38.21968,118.2
-85.732383,38.219603,118.3
-85.732332,38.219521,118.9
-85.732278,38.21944,118.1
-85.732221,38.219366,118.5
-85.732159,38.219304,119.1
-85.732102,38.219238,118.7
-85.732052,38.219166,119.7
-85.731999,38.21908,119.8
-85.731941,38.218994,118.3
-85.731876,38.218915,119.3
-85.731813,38.218844,119.1
-85.731737,38.218776,118.9
-85.731685,38.218706,119.1
-85.731637,38.218635,120.0
-85.731587,38.218577,120.1
-85.731569,38.218532,120.8
-85.731565,38.218516,119.8
-85.731563,38.21852,118.0
-85.731562,38.218513,120.8
-85.731548,38.2185,119.4
-85.731472,38.218483,120.5
-85.731356,38.218518,120.3
-85.731267,38.218562,121.7
-85.731183,38.218606,121.7
-85.731096,38.218657,120.4
-85.731008,38.218705,119.9
-85.73092,38.218755,121.9
-85.730834,38.218799,118.4
-85.730738,38.218841,120.8
-85.730649,38.218889,120.2
-85.73058,38.218947,119.3
-85.730504,38.219004,120.1
-85.730405,38.219059,120.1
-85.730295,38.219106,119.6
-85.730188,38.219161,119.0
-85.730023,38.219249,119.2
-85.729901,38.219306,116.8
-85.729757,38.219331,120.7
-85.72969,38.21933,116.4
-85.729553,38.219318,116.2
-85.729522,38.21939,116.1
-85.729572,38.219474,115.5
-85.729712,38.219535,114.2
-85.729874,38.219505,114.6
-85.729996,38.219423,115.7
-85.730087,38.219354,117.3
-85.730172,38.219294,116.2
-85.730259,38.219239,116.9
-85.730338,38.219185,116.6
-85.73042,38.219138,117.6
-85.730506,38.219092,117.7
-85.730587,38.219049,120.4
-85.730669,38.219004,119.5
-85.730746,38.218956,119.3
-85.730769,38.218886,121.6
-85.73073,38.218791,119.4
-85.730657,38.218693,119.0
-85.730581,38.218596,118.7
-85.730485,38.218485,117.3
-85.730369,38.218356,116.4
-85.730268,38.218242,116.1
-85.730191,38.218147,114.3
-85.730155,38.218077,117.5
-85.730109,38.218011,118.0
-85.730048,38.217945,119.2
-85.729996,38.217884,118.3
-85.72995,38.217824,119.2
-85.729907,38.217764,120.7
-85.729863,38.217714,118.8
-85.729824,38.217661,120.7
-85.729786,38.2176,119.5
-85.729739,38.21754,122.0
-85.729692,38.217481,120.3
-85.729629,38.217428,120.6
-85.729578,38.217377,121.2
-85.729541,38.217329,121.3
-85.729497,38.21728,121.8
-85.729442,38.217223,121.0
-85.729389,38.217165,121.0
-85.72933,38.217099,121.5
-85.729247,38.21703,120.5
-85.72918,38.216967,121.6
-85.729119,38.216901,121.8
-85.729048,38.216825,121.0
-85.728976,38.216742,121.4
-85.728907,38.216663,120.7
-85.728847,38.216586,121.4
-85.728821,38.21653,120.3
-85.728845,38.216478,121.1
-85.728937,38.216451,119.9
-85.729016,38.216437,121.1
-85.729088,38.216413,121.1
-85.729154,38.216376,122.0
-85.72924,38.21632,121.6
-85.729323,38.216273,121.5
-85.729417,38.21622,121.4
-85.729498,38.216167,122.7
-85.729571,38.216123,121.9
-85.729647,38.216073,122.1
-85.729725,38.216022,123.0
-85.729805,38.215978,123.0
-85.729887,38.215935,121.5
-85.729968,38.215883,123.5
-85.730055,38.215833,122.3
-85.73014,38.215791,122.4
-85.730217,38.215747,123.5
-85.730296,38.215706,123.7
-85.730366,38.215667,123.1
-85.73045,38.21562,122.0
-85.730532,38.215564,121.7
-85.73056,38.215466,123.4
-85.73053,38.215354,123.5
-85.730487,38.215273,123.2
-85.730438,38.215192,123.6
-85.730377,38.215118,124.2
-85.730317,38.21505,124.3
-85.730257,38.214979,123.9
-85.730204,38.214904,123.9
-85.73016,38.214836,123.0
-85.73012,38.214769,125.1
-85.73007,38.214699,124.0
-85.730015,38.214636,123.2
-85.729973,38.214568,123.1
-85.729921,38.214507,124.6
-85.729856,38.214433,124.0
-85.729802,38.214364,123.1
-85.729732,38.214303,124.2
-85.729653,38.21424,123.6
-85.72958,38.214173,125.1
-85.729529,38.214096,122.9
-85.729507,38.214008,124.0
-85.729555,38.213937,123.6
-85.729658,38.213896,123.4
-85.729758,38.213866,122.6
-85.729848,38.213828,124.0
-85.72994,38.213783,122.2
-85.730037,38.213738,123.8
-85.73013,38.213694,122.9
-85.730229,38.213647,121.8
-85.730333,38.213599,124.6
-85.730436,38.213546,123.4
-85.730468,38.213456,123.9
-85.730423,38.213361,123.7
-85.730365,38.213292,124.0
-85.730317,38.213217,122.8
-85.730266,38.213144,123.5
-85.730208,38.213074,124.2
-85.730164,38.213008,123.2
-85.73011,38.212936,122.4
-85.73006,38.212864,121.6
-85.730021,38.212793,120.7
-85.729974,38.212737,118.6
-85.729951,38.212679,119.9
-85.730004,38.212615,121.8
-85.730111,38.21259,120.2
-85.730218,38.212568,119.9
-85.730315,38.21252,120.4
-85.730409,38.212469,120.0
-85.730509,38.212425,119.7
-85.730608,38.212385,119.6
-85.7307,38.212346,119.4
-85.730796,38.212293,119.2
-85.730878,38.212255,121.4
-85.730931,38.212234,118.6
-85.730948,38.212242,119.7
-85.730976,38.212296,119.8
-85.731006,38.212373,121.8
-85.731058,38.212443,120.8
-85.731125,38.21255,120.1
-85.731176,38.212631,121.7
-85.731225,38.212706,121.0
-85.731268,38.212771,121.7
-85.731308,38.212835,121.8
-85.731353,38.212916,122.3
-85.731399,38.212986,121.4
-85.731488,38.213048,121.5
-85.731622,38.213074,121.4
-85.731734,38.213036,121.6
-85.731843,38.21298,120.6
-85.731946,38.212925,122.5
-85.732035,38.212875,122.1
-85.732126,38.212824,120.6
-85.732208,38.212777,120.8
-85.732282,38.212735,123.1
-85.732358,38.212691,122.3
-85.732444,38.212647,121.3
-85.732521,38.212619,122.9
-85.73257,38.212604,122.6
-85.732588,38.212598,123.1
-85.732587,38.212593,121.0
-85.732592,38.212587,123.9
-85.732653,38.212561,122.1
-85.732776,38.212505,122.6
-85.7329,38.212453,122.4
-85.733007,38.212402,123.1
-85.733101,38.212354,122.7
-85.733211,38.212302,122.0
-85.733323,38.212248,123.1
-85.73342,38.212203,122.3
-85.733511,38.212158,122.8
-85.733615,38.21215,121.0
-85.733673,38.212222,124.1
-85.733713,38.212323,122.0
-85.733762,38.21242,123.0
-85.73382,38.212504,122.2
-85.733878,38.212579,123.6
-85.733929,38.212651,122.5
-85.733982,38.212728,122.8
-85.734043,38.212797,122.3
-85.734104,38.212876,122.6
-85.73416,38.212956,122.6
-85.734203,38.213027,121.3
-85.734262,38.213098,122.2
-85.734316,38.21316,121.4
-85.734367,38.213234,121.8
-85.734423,38.213316,122.7
-85.734458,38.213371,121.3
-85.734434,38.213422,122.2
-85.734344,38.213472,122.7
-85.734233,38.213498,121.7
-85.734139,38.213526,121.8
-85.734051,38.213562,123.0
-85.733959,38.213594,121.5
-85.733867,38.213631,121.3
-85.733771,38.21367,123.6
-85.733694,38.213705,121.8
-85.73362,38.213743,121.6
-85.733527,38.213791,121.2
-85.733434,38.213842,121.3
-85.733336,38.213893,123.2
-85.73324,38.213946,122.3
-85.73315,38.213993,122.8
-85.73306,38.21404,122.9
-85.732964,38.214093,122.5
-85.732888,38.214148,122.4
-85.73281,38.214195,122.5
-85.732718,38.21424,123.9
-85.732631,38.214295,122.9
-85.732546,38.214349,122.8
-85.732459,38.214395,123.2
-85.732368,38.214435,122.8
-85.732278,38.214476,123.0
-85.732186,38.214518,122.9
-85.732094,38.214571,123.3
-85.732011,38.214623,123.4
-85.731919,38.214675,123.0
-85.731827,38.214726,123.7
-85.731742,38.214784,122.7
-85.73166,38.214843,123.5
-85.73157,38.214908,124.0
-85.73147,38.21496,123.8
-85.73136,38.215003,124.6
-85.731269,38.215039,124.0
-85.731179,38.215086,124.4
-85.731094,38.215128,123.7
-85.73101,38.215168,125.1
-85.730938,38.215226,123.7
-85.730869,38.215273,124.7
-85.730782,38.215311,124.8
-85.730687,38.215345,124.8
-85.730598,38.215378,123.3
-85.730548,38.215403,123.3
-85.730519,38.215416,123.2
-85.730458,38.215457,123.7
-85.730377,38.215513,124.6
-85.7303,38.215562,124.8
-85.730229,38.215602,123.2
-85.730147,38.215632,124.9
-85.73005,38.215686,123.8
-85.729959,38.21574,123.7
-85.729871,38.215791,123.7
-85.729787,38.215842,123.0
-85.729694,38.215899,124.0
-85.729609,38.215949,123.4
-85.729532,38.215995,123.5
-85.729466,38.216035,124.0
-85.729409,38.216055,123.8
-85.729364,38.216062,121.9
-85.729353,38.21606,123.3
-85.729357,38.216055,121.6
-85.729363,38.216057,122.2
-85.72936,38.216061,116.0
-85.72937,38.216058,121.0
-85.729372,38.216059,120.6
-85.729371,38.216058,121.2
-85.729371,38.216058,120.9
-85.729363,38.21606,120.7
-85.72936,38.216061,120.3
-85.72936,38.216061,121.1
-85.729371,38.216059,119.2
-85.729371,38.216064,119.3
-85.729367,38.216068,123.0
-85.729356,38.216077,117.5
-85.729344,38.216084,120.8
-85.729263,38.216148,119.5
-85.72915,38.216238,120.3
-85.729036,38.216312,120.1
-85.728942,38.216362,119.3
-85.728826,38.216433,121.8
-85.728743,38.216523,120.0
-85.72876,38.216638,117.1
-85.728845,38.216748,114.4
-85.728937,38.216846,119.8
-85.729014,38.216928,118.3
-85.72907,38.216987,118.0
-85.729139,38.217071,116.9
-85.729189,38.217128,122.1
-85.729235,38.217184,119.2
-85.729279,38.217234,121.0
-85.729309,38.217287,121.9
-85.729335,38.217323,116.8
-85.729396,38.217387,119.6
-85.729463,38.217454,118.2
-85.729528,38.21752,120.5
-85.729597,38.217587,121.3
-85.729656,38.217658,120.8
-85.729713,38.217736,122.8
-85.729791,38.217816,120.7
-85.729882,38.217895,120.2
-85.729947,38.21797,119.3
-85.729981,38.218027,117.8
-85.730045,38.21808,117.8
-85.730113,38.218148,117.2
-85.73019,38.218241,116.7
-85.730285,38.218348,115.9
-85.730377,38.218456,112.1
-85.730452,38.218554,113.6
-85.730521,38.218644,113.8
-85.730576,38.218719,116.7
-85.730618,38.218777,113.7
-85.730654,38.21882,119.3
-85.730688,38.218858,117.4
-85.73075,38.218893,116.8
-85.730845,38.218904,117.9
-85.730953,38.218873,116.9
-85.731044,38.218819,114.8
-85.731134,38.218756,119.5
-85.731222,38.218699,118.5
-85.73131,38.218651,118.1
-85.731406,38.218604,117.0
-85.731503,38.218555,119.1
-85.731614,38.218494,119.4
-85.731715,38.218432,118.0
-85.73181,38.218378,117.1
-85.731904,38.218326,117.5
-85.732003,38.218268,120.1
-85.732105,38.218207,119.1
-85.732204,38.218145,116.6
-85.732304,38.218081,118.5
-85.73241,38.218015,117.4
-85.732527,38.217956,115.3
-85.732643,38.217898,121.3
-85.732758,38.217837,115.7
-85.73287,38.217774,116.7
-85.732982,38.217709,119.8
-85.733094,38.217645,116.7
-85.733211,38.217584,118.8
-85.733325,38.21753,117.6
-85.733434,38.217476,119.8
-85.733553,38.217421,118.9
-85.733667,38.217359,118.7
-85.733775,38.217298,115.3
-85.733886,38.21724,116.1
-85.734019,38.21724,120.9
-85.734113,38.217302,118.0
-85.73416,38.217401,118.1
-85.734208,38.217505,117.1
-85.73426,38.217607,113.7
-85.734335,38.217718,117.0
-85.734411,38.217816,113.3
-85.734478,38.217919,114.3
-85.734548,38.218015,115.0
-85.734616,38.218109,111.4
-85.734685,38.218196,117.0
-85.734758,38.218288,111.2
-85.734831,38.218372,117.8
-85.7349,38.218459,112.6
-85.734969,38.218549,116.4
-85.735029,38.218643,117.0
-85.735088,38.218721,116.2
-85.735124,38.218778,115.1
-85.735137,38.218816,117.6
-85.735145,38.218834,113.5
-85.735141,38.218833,114.1
-85.735138,38.218828,116.5
-85.735138,38.218828,115.4
-85.735138,38.218828,115.7
-85.735138,38.218828,116.4
-85.735138,38.218828,116.3
-85.735138,38.218828,114.0
-85.735138,38.218828,116.4
-85.735138,38.218828,114.5
-85.735138,38.218828,116.6
-85.735138,38.218828,115.2
-85.735138,38.218828,115.0
-85.735138,38.218828,116.6
-85.735138,38.218828,114.3
-85.735138,38.218828,116.1
-85.735138,38.218828,114.4
-85.735165,38.218859,115.9
-85.735232,38.218937,116.3
-85.735299,38.219021,113.4
-85.735355,38.219101,116.7
-85.73541,38.219175,115.0
-85.735467,38.219234,117.1
-85.735517,38.219296,114.7
-85.735564,38.219367,117.3
-85.735619,38.219444,114.9
-85.735688,38.219528,115.9
-85.735752,38.2196,115.2
-85.735808,38.219669,115.6
-85.73587,38.219742,115.0
-85.73593,38.219826,114.7
-85.735984,38.219909,115.4
-85.73604,38.21999,115.2
-85.736094,38.22007,115.5
-85.736146,38.22014,114.8
-85.736212,38.220199,116.0
-85.736257,38.22026,114.4
-85.736298,38.220335,116.8
-85.736358,38.220392,115.7
-85.736414,38.220443,115.3
-85.736458,38.220498,115.6
-85.736491,38.220553,116.5
-85.736531,38.220603,116.6
-85.736538,38.220616,113.9
-85.736537,38.220615,115.5
-85.736537,38.220615,114.3
-85.736537,38.220615,115.4
-85.736536,38.220612,115.0
-85.736703,38.220812,115.2
-85.736706,38.220829,114.6
-85.736762,38.22085,115.0
-85.736759,38.220856,112.6
-85.736759,38.220876,116.4
-85.736769,38.220901,113.7
-85.736783,38.220925,113.8
-85.736807,38.220947,114.1
-85.736824,38.220966,114.8
-85.73684,38.220987,112.8
-85.736857,38.221025,112.8
-85.736874,38.221053,116.7
-85.736895,38.221078,113.4
-85.736917,38.221111,114.0
-85.736939,38.221132,116.2
-85.736954,38.221161,114.9
-85.736965,38.221144,112.4
-85.736984,38.221159,114.6
-85.736976,38.221202,114.3
-85.736995,38.221225,114.4
-85.737015,38.221248,114.4
-85.737032,38.221263,115.0
-85.737054,38.221284,113.4
-85.737078,38.221306,113.3
-85.737101,38.221331,113.3
-85.737122,38.221354,114.0
-85.737141,38.221378,117.4
-85.737184,38.221404,113.1
-85.737203,38.221422,113.7
-85.737226,38.221446,114.5
-85.737241,38.221461,112.8
-85.737258,38.221485,115.0
-85.737277,38.221499,116.0
-85.737295,38.221524,115.6
-85.737315,38.221537,115.0
-85.737329,38.221555,113.4
-85.737345,38.221587,113.8
-85.737352,38.221602,113.2
-85.737361,38.221626,114.7
-85.73737,38.221662,115.8
-85.737386,38.221686,115.1
-85.737404,38.221709,113.7
-85.737418,38.221728,114.8
-85.737421,38.22175,113.8
-85.737392,38.22177,113.4
-85.737369,38.221789,113.6
-85.737349,38.22181,115.6
-85.737308,38.221826,115.8
-85.737277,38.221839,112.8
-85.737253,38.22186,114.3
-85.737232,38.221879,114.0
-85.737215,38.221895,109.8
-85.737203,38.221915,114.1
-85.737178,38.221939,115.2
-85.737166,38.221968,114.5
-85.73714,38.221992,115.5
-85.7371,38.222021,115.3
-85.737081,38.222039,114.7
-85.737056,38.222066,115.1
-85.737053,38.222078,115.6
-85.737033,38.222098,112.7
-85.737004,38.222127,114.6
-85.736967,38.222159,114.4
-85.736942,38.222187,115.5
-85.736918,38.222207,112.4
-85.736897,38.222214,113.9
-85.736881,38.222227,114.1
-85.736876,38.222239,112.1
-85.73685,38.222272,114.5
-85.73682,38.222303,116.9
-85.736806,38.222326,115.4
-85.736794,38.222345,114.7
-85.736776,38.222366,113.1
-85.736759,38.222384,115.6
-85.736741,38.222406,114.6
-85.736718,38.222432,112.3
-85.736693,38.222456,115.0
-85.736667,38.222475,116.9
-85.736644,38.222503,114.5
-85.736623,38.22252,116.2
-85.736612,38.222528,115.7
-85.73658,38.222559,113.8
-85.736565,38.222577,114.2
-85.736534,38.222611,114.3
-85.736509,38.222632,114.3
-85.73649,38.222652,116.3
-85.736474,38.222666,112.7
-85.736462,38.222678,115.7
-85.736436,38.222711,114.6
-85.736413,38.222738,113.9
-85.73639,38.22276,113.4
-85.736354,38.22279,113.8
-85.736325,38.222811,117.7
-85.736308,38.222821,114.8
-85.73629,38.222833,115.6
-85.736251,38.222861,115.2
-85.736229,38.22288,115.2
-85.736209,38.222902,114.3
-85.7362,38.222936,114.3
-85.73619,38.222968,113.0
-85.736171,38.223001,114.6
-85.73616,38.223018,116.1
-85.73614,38.22303,115.3
-85.736121,38.223043,116.1
-85.736099,38.223067,115.5
-85.736063,38.223102,114.3
-85.736038,38.223131,115.8
-85.736018,38.223149,114.7
-85.736002,38.223162,116.0
-85.735978,38.223188,115.7
-85.735959,38.223207,115.1
-85.735942,38.223227,116.4
-85.735929,38.223269,113.4
-85.735905,38.223284,113.8
-85.735888,38.223301,114.8
-85.735872,38.223317,115.9
-85.735851,38.22334,114.6
-85.73583,38.223357,115.6
-85.735811,38.223371,115.1
-85.735791,38.223395,115.6
-85.735756,38.223417,113.4
-85.735735,38.223439,115.9
-85.735718,38.223452,118.0
-85.735699,38.223474,117.8
-85.735677,38.223493,114.7
-85.735648,38.223509,116.2
-85.735617,38.223523,114.4
-85.73559,38.223543,115.9
-85.735565,38.223563,115.3
-85.735542,38.223579,116.3
-85.735519,38.2236,117.3
-85.735501,38.223618,114.8
-85.735473,38.223638,115.5
-85.73545,38.223664,115.0
-85.735446,38.223693,114.3
-85.735439,38.223728,117.1
-85.735424,38.223758,118.6
-85.735406,38.223796,115.2
-85.735392,38.223818,117.0
-85.735376,38.223834,116.3
-85.735347,38.22385,114.3
-85.735317,38.223868,118.1
-85.735288,38.223876,116.0
-85.735261,38.223893,115.6
-85.735238,38.223917,115.6
-85.735217,38.223939,117.6
-85.735196,38.223961,116.4
-85.735174,38.223989,118.1
-85.735155,38.224005,116.8
-85.735127,38.22403,117.1
-85.735108,38.224057,118.6
-85.735091,38.224082,114.4
-85.735056,38.224128,116.0
-85.735033,38.224146,117.9
-85.735008,38.22416,115.9
-85.734982,38.224189,117.0
-85.734967,38.224218,118.4
-85.734952,38.224236,115.1
-85.734933,38.224252,115.6
-85.734912,38.224275,115.9
-85.73488,38.224294,114.2
-85.734856,38.224306,116.1
-85.734832,38.224331,118.3
-85.734813,38.224352,116.5
-85.734783,38.224379,118.1
-85.734747,38.224408,116.8
-85.734725,38.22443,116.1
-85.734695,38.224447,118.0
-85.734682,38.224461,116.3
-85.734668,38.224475,116.3
-85.734643,38.2245,117.6
-85.734623,38.224527,118.5
-85.734607,38.224552,118.1
-85.734594,38.224577,117.3
-85.734578,38.224599,116.9
-85.734565,38.224621,116.3
-85.734548,38.224645,116.5
-85.734528,38.224657,115.0
-85.734508,38.224677,118.6
-85.734487,38.224704,118.1
-85.734459,38.224732,114.4
-85.734425,38.224747,115.4
-85.734399,38.224761,115.0
-85.734387,38.224774,116.0
-85.734371,38.224794,113.7
-85.734352,38.224816,115.3
-85.734334,38.224841,114.7
-85.734316,38.224867,114.9
-85.734294,38.224892,113.8
-85.734272,38.224918,113.9
-85.734232,38.224934,115.4
-85.734212,38.22494,112.6
-85.734183,38.224962,112.2
-85.734162,38.224982,113.4
-85.734142,38.225002,112.9
-85.734126,38.225032,111.4
-85.734112,38.225057,112.6
-85.734092,38.225089,114.7
-85.734055,38.225128,114.4
-85.734023,38.225154,114.0
-85.734001,38.225178,112.5
-85.733985,38.225191,113.0
-85.733962,38.225209,115.4
-85.733949,38.225222,113.3
-85.73393,38.22524,111.7
-85.733904,38.225261,114.6
-85.733877,38.225286,112.9
-85.733852,38.225314,112.6
-85.733826,38.225348,113.4
-85.733805,38.22538,113.6
-85.733792,38.225408,113.4
-85.733775,38.225427,112.7
-85.733762,38.225437,113.1
-85.733733,38.225463,112.7
-85.733716,38.225475,113.4
-85.733688,38.225496,110.9
-85.733663,38.225518,110.9
-85.733642,38.225542,112.4
-85.733627,38.22557,113.5
-85.733609,38.225594,112.5
-85.733586,38.225613,112.2
-85.733574,38.22562,111.5
-85.733548,38.225637,110.6
-85.733527,38.225653,111.2
-85.733504,38.225672,112.7
-85.73347,38.225694,110.1
-85.733434,38.225711,110.2
-85.733404,38.225727,112.1
-85.733372,38.225734,113.8
-85.733354,38.225743,110.8
-85.733322,38.225764,110.9
-85.73329,38.225783,110.9
-85.733258,38.225801,112.4
-85.733215,38.225813,112.7
-85.73319,38.225829,110.3
-85.733182,38.225831,112.4
-85.733159,38.22584,110.1
-85.733124,38.225865,111.1
-85.733109,38.225875,110.0
-85.733055,38.22588,110.5
-85.733032,38.225886,109.2
-85.733,38.22587,112.1
-85.73297,38.225848,111.0
-85.732944,38.225834,110.8
-85.732923,38.225814,110.6
-85.732902,38.225799,109.8
-85.73289,38.225792,108.4
-85.732869,38.225775,110.0
-85.732837,38.225751,109.8
-85.732819,38.225739,109.1
-85.732778,38.225729,107.6
-85.732736,38.225713,108.7
-85.732698,38.225699,108.5
-85.732664,38.225687,107.5
-85.732646,38.225673,107.0
-85.732629,38.225663,110.8
-85.732603,38.225652,108.6
-85.732573,38.225635,108.8
-85.732544,38.225617,108.0
-85.732519,38.2256,108.1
-85.732498,38.225585,109.5
-85.732444,38.225554,108.1
-85.732423,38.225543,106.5
-85.732386,38.225522,107.1
-85.732369,38.225504,106.4
-85.732353,38.225491,108.8
-85.732323,38.225476,108.5
-85.732298,38.225457,107.9
-85.732271,38.225439,106.8
-85.732241,38.225424,107.4
-85.732212,38.225412,107.3
-85.732166,38.225413,108.1
-85.732113,38.225414,107.1
-85.732066,38.225411,108.2
-85.732031,38.225427,109.8
-85.732024,38.225453,107.6
-85.732009,38.225483,106.7
-85.732006,38.225523,109.0
-85.731996,38.225563,107.3
-85.731983,38.225586,106.9
-85.731973,38.225608,107.6
-85.731959,38.225627,106.4
-85.731938,38.225649,106.3
-85.731916,38.225674,106.8
-85.731885,38.225712,106.8
-85.731858,38.225745,106.5
-85.731838,38.225769,105.9
-85.731815,38.225786,103.9
-85.731793,38.225798,107.2
-85.731788,38.225822,107.5
-85.731792,38.225842,107.2
-85.731784,38.225861,107.7
-85.731767,38.225878,106.7
-85.731745,38.225896,103.8
-85.731721,38.225913,104.7
-85.731701,38.225927,108.9
-85.731677,38.22594,104.8
-85.731656,38.225956,106.5
-85.731635,38.22598,107.6
-85.731624,38.226013,106.8
-85.731608,38.226038,107.7
-85.731587,38.226059,108.7
-85.731585,38.2261,106.4
-85.731568,38.226119,105.0
-85.731566,38.226143,107.7
-85.73159,38.226161,107.6
-85.731627,38.226168,105.5
-85.731655,38.226175,109.3
-85.731672,38.226175,106.8
-85.731673,38.226191,104.7
-85.731675,38.226212,103.8
-85.731667,38.226243,104.4
-85.731664,38.22627,107.3
-85.731653,38.226301,107.0
-85.731634,38.22633,103.4
-85.731619,38.226351,108.2
-85.731591,38.226377,104.5
-85.731568,38.226399,105.7
-85.731546,38.226422,105.5
-85.731524,38.226445,107.1
-85.7315,38.226464,107.4
-85.731466,38.226485,108.0
-85.731433,38.226507,106.5
-85.731408,38.226528,106.8
-85.731392,38.226552,106.8
-85.731373,38.226566,104.7
-85.731357,38.22658,104.2
-85.73133,38.226596,107.7
-85.731292,38.226617,108.2
-85.731275,38.226626,106.3
-85.731248,38.226638,107.6
-85.731219,38.226643,106.8
-85.731188,38.226642,106.5
-85.731177,38.226645,107.2
-85.731179,38.22664,106.1
-85.731177,38.226627,109.0
-85.731274,38.226517,107.6
-85.731199,38.226451,105.6
-85.731167,38.226439,105.4
-85.731141,38.226427,109.5
-85.731088,38.226401,110.1
-85.731028,38.226383,107.4
-85.730998,38.226364,108.4
-85.730977,38.226363,108.4
-85.730951,38.226359,107.4
-85.730923,38.226354,112.1
-85.730899,38.22634,111.0
-85.730884,38.22633,106.1
-85.730859,38.226326,114.9
-85.730843,38.226335,110.1
-85.730818,38.226354,110.4
-85.730787,38.226362,111.0
-85.730756,38.226368,108.2
-85.730727,38.226384,110.5
-85.730705,38.226394,110.1
-85.730691,38.226419,110.4
-85.730723,38.226437,111.0
-85.730748,38.22645,108.9
-85.730782,38.226456,110.6
-85.730799,38.226486,108.8
-85.73082,38.226515,108.6
-85.730838,38.226533,108.7
-85.730868,38.226555,109.5
-85.730895,38.226576,108.0
-85.730917,38.226601,111.0
-85.730926,38.226621,110.0
-85.730943,38.226638,109.0
-85.730961,38.226649,110.1
-85.73099,38.226668,109.8
-85.731016,38.226692,109.7
-85.731044,38.226678,110.0
-85.731065,38.226624,110.8
-85.731053,38.226602,109.3
-85.731041,38.226593,109.2
-85.731026,38.226585,110.8
-85.731014,38.22658,109.6